-1.9244401510884184,1.5208394201492328,-0.5079956653554366,0.5233830612543563,-1.1408202233415303,1.688614736397688,2.2604581741190533,-2.02503358265634,-1.7306534197297687,1.1656783682843797,-2.3759646978148106,2.126217411739867,-2.2118672591634616,0.20943422943846882,-0.6012225493200597,0.1841165077415546,0.22748731139890382,1.971370703760011,-2.23464002666766,1.8384593510733227,-1.8078151383166439,2.6803250285268256,-2.407970345965903,-1.3822273046081017,-1.77697145980944,1.3046433288748993,-3.18271559219751,2.1545426552807228,-0.14737916773218968,1.9047485687977312,2.8697224773083074,0.5085675286179054,-1.3318784718488976,-1.0908861388847029,-1.6416500436228123,-1.1375109258540488,-0.17497515369574,-1.8443834047706718,-2.190004179691391,1.8562839522569639,0.09309621348761024,-2.363257504314993,-2.2386603756790433,1.8677362501986998,2.0402164766630215,0.5710856512777261,-0.46857901591463336,0.7736434840139401
numHidden 	5
numGenes 	48
minGene 	-3.0
maxGene 	3.0
popSize 	40
maxEvaluations 	0
mutateRate 	0.01
mutateChange 	0.1
seed 	1676983761036
random 	java.util.Random@3ea2394c
neuralNetworkClass 	class coursework.ExampleHillClimber
Training Set Training
Fitness 0.22412519388196106