-2.4575038336324964,-3.2191378018322307,-0.3189444187431832,1.5674515871387966,0.8793358973273108,-1.2509560590974182,-1.1055794353284865,1.1041436291056956,-1.5049713211591387,-1.3823732101944015,0.9716970069917454,-2.706762559766083,1.3226647387292023,-0.8221730860672738,0.5008240233411555,-3.110503479278668,1.8239078941628408,-1.0660614372178543,0.8955788039483891,-1.4650070313745498,-2.625501614346044,2.096354648336709,-0.7792225778233042,1.144833837712109,-1.0528339969160843,-0.43129014894952655,0.8524275864305622,-0.16163135934834463,-0.7932173166208006,0.855206762024236,-1.0719065600492603,-2.6129397545933197,-2.289678164504328,-1.4237020984231548,-1.8357808349707532,3.606056159185912,-0.9305765871551616,-1.8694961657358122,-2.5738598568479287,-0.540141250231233,2.186100292660276,-2.622742457688723,1.0329970583336356,3.0833508577191098,-0.587644316499501,-0.9597258528739326,-0.436248260369117,1.237795194004153
numHidden 	5
numGenes 	48
minGene 	-3.0
maxGene 	3.0
popSize 	40
maxEvaluations 	20000
mutateRate 	0.01
mutateChange 	0.1
seed 	1676984635618
random 	java.util.Random@6b0404f6
neuralNetworkClass 	class coursework.ExampleHillClimber
Training Set Training
Fitness 0.13173908061645984