0.4796616195038892,0.40862210276260347,1.037431064055582,0.958316102875445,2.165305739584119,-1.5788417074665844,1.6425771400912708,0.23829399592301392,-0.7522128058991808,-2.0714088939876154,-1.7842206326921648,-2.0291193412672817,-2.7428291217745255,0.8011238941114426,-0.08277942011599376,-0.9367080872179351,-2.5565614121140197,0.31634343696104017,2.4175699991760915,-2.9375218639514054,-2.0532172843609096,0.6171852005843727,-3.0962756267947857,-2.92338238769274,1.2020704499062096,1.833352714271396,0.5835059319033392,-1.5777378938571556,-2.6922611222555197,-2.3876335846035652,-1.8431137701429723,-1.9396926022865737,1.1108672391826553,2.862282068534032,2.4865351034361645,2.7335675500415246,-0.13084372514033912,-1.2485220822374972,-1.8467711007659147,-1.944154800198271,-1.5529709907139608,-0.7582354944851589,0.8218884382107255,1.1269955139981942,-1.7129485639720736,-1.650561424433985,1.6717487851480084,2.560594285801473
numHidden 	5
numGenes 	48
minGene 	-3.0
maxGene 	3.0
popSize 	40
maxEvaluations 	0
mutateRate 	0.01
mutateChange 	0.1
seed 	1676984099310
random 	java.util.Random@174fecc7
neuralNetworkClass 	class coursework.ExampleHillClimber
Training Set Training
Fitness 0.3721057116399391