0.37163104738666597,-0.9220536063260782,-2.4531886544098764,1.6164914382471691,-2.194594486238408,0.04080016213203219,-1.4436885202005691,-2.414665261309225,-1.6488637091654907,-0.2725156682555876,2.6949598029089934,0.36241851264670455,-1.08673225872026,0.8472112831894787,-0.048524141014526734,-2.76892274959481,-2.681572679382154,-2.468780553530844,-2.6857749274530995,1.0499067173666754,-0.013304588141022311,-1.3775889204451273,-2.9498420204963014,-1.4682356567511052,-2.212091747472707,-2.6465406841116943,-2.145414208045233,0.722854055864012,-1.125792723705774,-2.1215417553457456,-2.0346611456216297,0.24321907403323717,-1.8077289879462815,-0.5863423865712578,1.0595090249846981,0.7190154441986616,-2.382415369428494,-0.027601963139074925,-1.8237798509908565,-0.8331950448196581,-1.6829022786652603,-1.143337365549803,1.394187117901419,-2.447978326240331,-0.7633630251666581,-1.8801542557180677,-2.5202032807438988,-2.7275111079235423
numHidden 	5
numGenes 	48
minGene 	-3.0
maxGene 	3.0
popSize 	200
maxEvaluations 	20000
mutateRate 	0.01
mutateChange 	0.1
seed 	1677589997860
random 	java.util.Random@762efe5d
neuralNetworkClass 	class coursework.ExampleEvolutionaryAlgorithm
Training Set Training
Fitness 0.06801957720363744