-1.2449159543054296,1.0316621878681174,-2.796782767493447,-0.8137560420314611,-2.873866081070868,-1.0181185243757778,-0.28121535519939966,-1.4093413627535976,-1.2000121732024498,-1.7532910356892357,-2.022691526265152,1.1554550685970222,-1.7299431017695108,1.1991972759914402,-0.22080870906099603,-1.512983775367244,-2.803415400257083,-1.290204323202994,-2.928270797581863,0.6800965431170729,-1.1357862247760526,-0.9990771622690158,-2.72678898311492,-1.857559838424949,-2.766300903463664,-0.6382421617849063,1.2535275489600481,1.6689066787538938,-0.6642211323881773,-2.416407700046239,-2.138694607485238,2.2894249435345113,-2.1752943705406516,-0.8959434601792635,-2.5003391707871216,-0.36806864613567525,-1.1689101044113381,-0.30417913449251266,-1.3877930125742843,0.2814084004651347,-1.0260674581261007,-1.5400659188042654,0.5629335536434543,-0.8631035950312214,-2.8675114220472806,1.2863676845228076,2.1066091934458653,-2.7677439601805016
numHidden 	5
numGenes 	48
minGene 	-3.0
maxGene 	3.0
popSize 	200
maxEvaluations 	20000
mutateRate 	0.0225
mutateChange 	0.1
seed 	1677594799100
random 	java.util.Random@762efe5d
neuralNetworkClass 	class coursework.ExampleEvolutionaryAlgorithm
Training Set Training
Fitness 0.1073166691480571