-2.454451472741744,-2.113377791647025,1.6084083346465041,-3.1051527766682114,0.6320398715521645,-2.8155160933140544,0.401322920914431,-0.7908201657605405,-2.0688839989706382,1.270929083787089,-1.5896449206672254,-2.7948876334232162,-2.724220463297676,-2.843512411868474,-1.6173694191250694,-2.7679303839227587,1.4776517509951006,-2.136010910916299,-2.3749483818993715,-1.1560409170649708,-0.9447000120509976,-0.7629120116435937,-0.8338337726692266,-1.820437821666446,-2.865916699790731,0.6825607510530292,-0.28155023000160506,-2.2285894881998836,-2.4912854612989843,-1.9589866260864015,-1.3314130771053485,1.2750179764957315,-2.2506830625994674,-1.3780243054995085,0.9927535834474339,2.5293027956892487,2.7313782069548775,0.16060065022711978,1.4710048556032742,-1.7452105569790446,0.6648515110959554,1.429194960647604,-2.283309154163415,2.0285811710079598,-1.654670454718557,-0.5375316293542145,2.7906351209263267,1.6754356472677596
numHidden 	5
numGenes 	48
minGene 	-3.0
maxGene 	3.0
popSize 	200
maxEvaluations 	20000
mutateRate 	0.03
mutateChange 	0.15
seed 	1677594562746
random 	java.util.Random@762efe5d
neuralNetworkClass 	class coursework.ExampleEvolutionaryAlgorithm
Training Set Training
Fitness 0.10214751070981035