-2.787031758233797,-1.4988753438714213,-0.8185560767048976,1.5678922665720183,-0.8114155074277054,-1.9946540222174862,-1.0765833867180765,-1.0241981014515953,2.3710745039318875,-2.1369569584909995,2.0701552116491193,-1.5695016118186496,-0.951134232243064,1.7421795948654264,-0.9576078390331446,-1.843024393477738,-0.37546359507324345,2.6280035380276905,0.13555060037448685,-1.3002635641481417,-2.5095247380786994,0.30730216335053306,-0.7687379825949021,0.3807429068907995,-1.7828849529384214,-2.577246277929731,0.16741710934479181,-2.777576513212294,1.6068286048981122,0.5204145268747081,-0.6745583022617074,-1.2060654632031207,-0.5196897961498266,-0.7618033502226105,1.204276572662721,0.9519947537965878,0.28260140282317847,-2.947483995335783,-2.182886520189725,1.4866944939759694,-2.3251929376868548,-1.5797561726939655,-1.578077200881403,-0.9045332210878576,-1.2324682730922165,-1.9849478605581612,-2.3862614953497063,-0.9848482263194409
numHidden 	5
numGenes 	48
minGene 	-3.0
maxGene 	3.0
popSize 	200
maxEvaluations 	20000
mutateRate 	0.01
mutateChange 	0.16
seed 	1677596411464
random 	java.util.Random@762efe5d
neuralNetworkClass 	class coursework.ExampleEvolutionaryAlgorithm
Training Set Training
Fitness 0.09906453890801373