-1.2089608231266806,-2.902238713802414,1.2028838281066898,-2.5730096297526135,-0.6458671440207802,-1.6783182237019851,2.0965382514905944,-1.0292618084841954,-1.3461002938276065,-2.884561828941715,-2.1175536258931684,-1.0119523633255274,-0.38948995111316,-2.19814870330361,-1.6840187353269656,-0.6849159113009513,-0.2644308899229113,-2.600730177641733,-2.815261283207521,0.20352859349804664,0.7386016552951498,-1.6546059401746378,-0.5972194301455773,-1.7654959333331794,0.9844781469072355,-2.0583348738215883,-0.10629478332513909,-0.08927338113932137,-1.374148868114894,-1.4113276625552102,1.5765443785420086,-1.592966876013209,-1.3435484687448795,-1.8392393582281485,0.7417476553047893,0.051747951529255154,-0.2774572309998886,-0.5430063548874071,-2.5439605824528764,-2.3333221949532295,-2.508199853244495,0.3797237161557101,-2.688738871502565,-2.7184207988407136,-1.5678200713667891,-2.5311054122326264,1.0844384126304192,-2.87492462692208
numHidden 	5
numGenes 	48
minGene 	-3.0
maxGene 	3.0
popSize 	200
maxEvaluations 	20000
mutateRate 	0.01
mutateChange 	0.1
seed 	1677590315777
random 	java.util.Random@762efe5d
neuralNetworkClass 	class coursework.ExampleEvolutionaryAlgorithm
Training Set Training
Fitness 0.1305456778736031