-0.10074981790957782,-2.670271285290804,-2.690482353903029,-2.1437182665401475,-2.8830150416900757,1.2874391711226885,-0.06208759175586698,-2.44914103543313,0.10729094077370327,0.8548228353531675,-2.6367556310809563,-2.982747831429545,-0.45260310502624224,-2.6050928577693866,-2.413365612374502,0.5567902084162499,-1.9911831712450156,-2.986587082769902,0.3738129972708686,-2.289996213592678,-0.5975740163393342,-1.0554250236541678,-2.671479055133008,-0.18563154373147395,-2.9325573704840924,0.14605210737286,-2.7467063083304146,1.4763631278685931,-2.598881010391281,-1.9058884655031183,-2.938168164122682,2.947614041669362,1.8005480271367542,1.2876561974090048,2.8407883936363696,-2.305919787953502,0.09776387307865742,0.6595731852518192,-1.5025436293283518,1.756526803666075,-1.1997365723450355,0.8256933967459581,-2.1702737077661873,-2.477332277714337,0.6123275825604422,0.6818025410720354,-2.702132149666026,-0.2679900187801918
numHidden 	5
numGenes 	48
minGene 	-3.0
maxGene 	3.0
popSize 	168
maxEvaluations 	20000
mutateRate 	0.01775
mutateChange 	0.2
seed 	1677595839266
random 	java.util.Random@762efe5d
neuralNetworkClass 	class coursework.ExampleEvolutionaryAlgorithm
Training Set Training
Fitness 0.08751891566968988