0.025030253734051655,0.6370755408864021,-0.09701731469675856,-0.38864270016283964,-0.6889332983202294,-1.9171435079519172,-2.2542584733869866,0.7706870060637803,1.6450455226427545,-0.524246471206852,-2.7236548038548465,-2.1336012409556284,0.2142118111325768,-2.100089629239255,-0.4497195738006621,-1.6664767982583564,-1.9241175281590008,-0.5578570045861388,1.517531286926645,-0.30160436139419255,-1.121440053501248,-0.37994184026589073,-1.8176319788803594,2.91680866742656,-2.1797146577277946,0.3554571765953938,1.0515035869885363,2.395242147046625,-1.7089374018861845,-0.9508885611264941,-0.7905380871971248,0.7915541522039957,-2.548507900959997,1.745436508959192,1.4637208221420757,-2.498466137429507,-2.978766094201054,-0.48909824798837676,-1.0700700025563437,-0.6085070508011325,1.7599042152300184,1.1498779515415052,0.8909550083875848,0.2736602326808155,-2.480503423577656,2.031055906605033,1.3273890285012797,-0.1542450533012918
numHidden 	5
numGenes 	48
minGene 	-3.0
maxGene 	3.0
popSize 	200
maxEvaluations 	20000
mutateRate 	0.015
mutateChange 	0.1
seed 	1677594457489
random 	java.util.Random@762efe5d
neuralNetworkClass 	class coursework.ExampleEvolutionaryAlgorithm
Training Set Training
Fitness 0.0939372602636505