-1.2661655203152558,-1.1395759247505957,-2.1546790356698584,-0.32899262010270247,-2.8517137429085757,0.799659297353899,0.7454017726310158,-2.7335647263399396,-0.156570444090816,-1.4247999988360087,-0.07431815845240841,0.976241681827442,-0.5093934572630583,-1.5014374075178205,-2.9484575805518802,-2.870027638836162,-2.2323161347443325,-2.372886412902722,-1.785838742617506,-1.6314082232753664,-2.6358014090200568,-2.284836583068019,-1.5677429635599935,-0.9952805438849519,-2.2816561554778634,2.193437893852966,2.8766727862162007,-0.005248351997523493,1.3386889340392667,-1.1574636986105913,0.561243103210721,2.5453726807400603,-0.14308510483013848,-0.32621285149264967,-1.0882511990924704,0.5834925637754855,-2.710667363947991,-0.7415273330871153,-1.119375768195904,0.1335615360487541,1.7676433200285508,2.4314939862989817,-1.7815620249394608,2.908500092375794,0.5128128390707545,-2.858143342115784,-0.8559686343381405,-2.647368657839164
numHidden 	5
numGenes 	48
minGene 	-3.0
maxGene 	3.0
popSize 	200
maxEvaluations 	20000
mutateRate 	0.03
mutateChange 	0.1
seed 	1677594510510
random 	java.util.Random@762efe5d
neuralNetworkClass 	class coursework.ExampleEvolutionaryAlgorithm
Training Set Training
Fitness 0.07063642862643955