-2.4739044122722857,-1.998799069049214,-1.310535095589552,-2.4696992884256446,-2.0820215399101127,-2.9822155625831894,-0.38900525221158144,-2.339577351329439,-1.7343083286124792,-2.002720814793058,-2.399157705195814,-0.6074285215577282,-0.6638286055525846,-2.7959849476451284,-2.4813946472576447,-2.254861623023482,-1.164837587448057,-2.635484152404871,-1.3847367433408566,-0.6944439800619784,-2.834009411871014,1.514474146104119,-1.1337109945020705,-2.5715820169413126,-1.5452452152491172,-0.8499742628761928,-2.4104694296497726,-0.2990699992585033,1.1731651318669307,0.3561065482469914,0.9849131349963813,-0.814670819299042,-1.9094971212187228,-2.686941860973596,1.655531065097899,-0.6934653488098537,1.8137560073197196,-1.2583783302669067,-2.322998514855687,-2.2031560116099813,1.4065890823485976,-2.788560349812298,-2.2205320629518237,0.6515760896676621,-2.711157871746382,0.6543780196829108,-0.8934828049173444,0.4299408428202307
numHidden 	5
numGenes 	48
minGene 	-3.0
maxGene 	3.0
popSize 	200
maxEvaluations 	20000
mutateRate 	0.01
mutateChange 	0.1
seed 	1677586866523
random 	java.util.Random@762efe5d
neuralNetworkClass 	class coursework.ExampleHillClimber
Training Set Training
Fitness 0.04796830260996787