0.8345823615344194,-2.4688351783828875,-1.0571976719005496,-0.21811304942754273,-1.5054706230823416,-1.4681514417155102,-0.7102410031738966,-2.1238834107651776,-1.1316622668133327,-2.3341532668590723,2.0711834074605946,-1.834786672427778,-0.8433015495104197,-0.6842239866032314,-2.084099730679753,-2.044810289975662,-1.1792539273844787,2.3631902191483487,-1.6781002728535228,-2.5361871852647857,-0.42216466989990664,-2.9437293488124983,-1.1212748214177732,-0.6901856418170569,0.23686608851737123,-0.8274185518556001,0.8205455949308655,0.15329908104599976,-0.8808904991400466,1.6891439859229491,-0.023441120226094014,-2.6683100964609014,-0.9941308805194824,-1.3717873382198744,2.06754272233759,-0.32930907863221837,-0.6515048370795151,-2.712868798239284,0.6152930552816844,-2.9519248610480933,0.4970345251381252,-2.756732144736436,-1.9120030444160339,-1.2777676191314813,-0.6811972476140764,-0.8587892288964736,-1.366016177882699,-1.7340744264340693
numHidden 	5
numGenes 	48
minGene 	-3.0
maxGene 	3.0
popSize 	200
maxEvaluations 	20000
mutateRate 	0.01
mutateChange 	0.1
seed 	1677590228504
random 	java.util.Random@762efe5d
neuralNetworkClass 	class coursework.ExampleEvolutionaryAlgorithm
Training Set Training
Fitness 0.13250931678219519