-2.77602231465843,-2.6679589341275354,-1.1495908307542226,0.7889896500523461,-2.9324794695996186,0.9011510786538048,-1.7568843080289305,-2.098758441145411,-2.9269396003321635,-2.6916822372281626,-1.502107678797108,-2.8714645932881986,-0.9638568851400287,0.4741669293469881,-2.0621940058338586,2.0286751238201566,-2.7747187342372603,-1.1685980302715808,-0.9035060529929435,-1.9498519123425857,0.9454835858112194,-1.3923053222844763,-0.15500567538754328,-0.4675023502495894,2.117775763194718,-0.8110532282571739,-2.4295614603363367,-0.28089577984584047,-0.9007499271256232,-2.0529229036754666,-1.604595057936211,2.7144431366059063,0.1003140345310749,-1.0048242444127533,-2.508771846888219,2.0942386008485956,-1.2154197104454738,-1.4532891426575587,-1.2827908500437173,-0.04575456814343282,-1.4447869516518175,0.539349401362311,0.2212282540728916,1.0788249120945315,-2.148862869620277,-1.0259930689356052,-1.918384321430013,-0.38062833187272904
numHidden 	5
numGenes 	48
minGene 	-3.0
maxGene 	3.0
popSize 	200
maxEvaluations 	20000
mutateRate 	0.01
mutateChange 	0.1
seed 	1677586124217
random 	java.util.Random@762efe5d
neuralNetworkClass 	class coursework.ExampleHillClimber
Training Set Training
Fitness 0.119768597649916