-0.13065011751307498,1.3162348619229727,0.10875728804147933,-2.6464485734850345,-1.6690802152723099,-2.462832040345873,0.49557711235624957,-0.6295499764257819,-2.421399667177563,-1.2784238577415734,0.47027099965164965,-2.4749883146720517,-1.0880795949994482,1.1560230922203845,-2.4851672945134062,-2.3964090910195677,0.45263332195651085,-0.11633804550736304,-2.3705957587112505,0.43641671678897076,-2.6321486475047013,-2.7890662555252828,-1.691671144840964,-0.3137409704359233,1.3877723694403024,-1.3564808438067122,-2.4331165231062375,-2.1208146662729535,1.008228167918972,0.8891518240153733,-2.435096473770149,2.8693073452122233,-0.3099366293539294,-1.9720952013695823,-2.5079942363258096,-0.8898319499393135,-1.1222165950201837,-1.934537720136992,-0.031255013525181674,-1.6961269210615577,-0.7838243591284932,-2.965924380426098,-2.245279096807588,1.6971590350708556,0.9691169759555351,-1.6404769136842121,-2.109714928278734,-0.6376484997290706
numHidden 	5
numGenes 	48
minGene 	-3.0
maxGene 	3.0
popSize 	200
maxEvaluations 	20000
mutateRate 	0.01
mutateChange 	0.1
seed 	1677590167604
random 	java.util.Random@762efe5d
neuralNetworkClass 	class coursework.ExampleEvolutionaryAlgorithm
Training Set Training
Fitness 0.13135224726965172