-1.1199919279433894,1.904961983339497,0.6750438802272756,0.1158799710579097,-0.6187426488106329,-2.260910398370366,-1.627303646769118,-1.8794622846296287,-1.2860544067415396,-0.7687643245226243,-2.4288333288827046,-1.8835522484510454,0.06845420451383699,-2.7132555020220233,-1.5761418941946643,-0.8850216259816013,-2.7812058889465563,0.15686204926284564,0.4438434403170546,1.8964665439896837,-0.9534054093865834,-2.6517697503298963,-2.8983963267666635,-1.293906251898447,0.7185317972322895,-0.5173852582236584,0.24542942180926097,-2.40865178992983,0.47639878278812553,0.950624200498325,1.6287579380742319,2.4409579301305913,-2.790170368979386,-1.4726722364836098,-2.5991692096669192,-2.5919838354590556,-2.961505299956239,-2.9437502152971584,-2.6524595470803085,-2.449593799691782,1.8475818986297918,1.842723506482292,-2.448455599719954,2.10646857888326,-2.16986272576392,-1.61825594353853,-2.846635353115103,-2.520825988379915
numHidden 	5
numGenes 	48
minGene 	-3.0
maxGene 	3.0
popSize 	200
maxEvaluations 	20000
mutateRate 	0.01
mutateChange 	0.16
seed 	1677596702953
random 	java.util.Random@762efe5d
neuralNetworkClass 	class coursework.ExampleEvolutionaryAlgorithm
Training Set Training
Fitness 0.0887240354294549