-0.6850171419843853,-1.9126448560947578,-2.4959815951184643,1.9609485530237993,-0.2342037162610593,-2.1002517993780696,-2.401005150952038,-2.03352257812088,1.2901665341936148,-2.7710670420937564,-2.2962052611766035,-0.30139312858174705,-1.7564243272252593,0.3893067995028159,1.901319547064431,-1.846542048865386,-1.5465852276064158,-2.118849472216361,-2.1764330263584943,-0.08300940677973045,-1.406364109270789,0.5434544384900848,-2.6800053318425237,-0.2264132045166698,-2.025339118530258,-1.0814200198867572,0.9831344186514346,-1.3542701453003056,-0.2633191445127827,-1.5100836920633591,-1.527089603585639,0.42304882977066605,-1.7605041937755355,-1.7773071212436855,0.15330987653265415,-2.8751537742824893,-2.4916007296295506,-1.0786751689344467,1.5572356807494732,-2.385600861939312,-1.4508573937656475,-1.4456898340168847,-1.0752467203063818,-0.2986083062304785,-2.7852873395465796,-2.2423500897122723,-0.03152470960048248,-0.7357927016222501
numHidden 	5
numGenes 	48
minGene 	-3.0
maxGene 	3.0
popSize 	200
maxEvaluations 	20000
mutateRate 	0.01
mutateChange 	0.1
seed 	1677590648762
random 	java.util.Random@762efe5d
neuralNetworkClass 	class coursework.ExampleEvolutionaryAlgorithm
Training Set Training
Fitness 0.1199284302473775