-2.653514823284657,-2.852104455621623,-1.8533458420139353,-1.409512277280798,-2.547001742776522,-2.3107185123732252,-2.2196143481765263,-1.5419571479301715,-0.09253958015410024,-1.1918160515170035,-0.9796570115957639,-1.092474858775601,-2.4627627844728046,-0.5301902149881546,-2.673518914561398,-0.6725366203282483,-2.2521850211968584,-1.7132614584370986,0.35385702701097266,-0.6475798194367757,-0.6807031835965258,1.7275858481776512,2.2805665572411034,-2.821414019112801,1.1599275309892647,0.6384741552035695,1.719622186770712,-1.3657726694259382,-0.8398237713936325,1.3882595935574846,-0.3768883974506556,-2.3880706103971794,-1.46311314175633,-2.1768811876616923,-0.7396508461888085,-2.8892168895930093,0.315530599577595,1.046704643947935,-0.834142509345253,-2.120818600864166,0.27228190407234454,-1.9951021548621648,-2.466147009356704,2.5638031226146163,0.8575259053716824,2.3591079594045876,-0.26202383383160566,-0.4947545524976613
numHidden 	5
numGenes 	48
minGene 	-3.0
maxGene 	3.0
popSize 	200
maxEvaluations 	20000
mutateRate 	0.01
mutateChange 	0.1
seed 	1677594013027
random 	java.util.Random@762efe5d
neuralNetworkClass 	class coursework.ExampleEvolutionaryAlgorithm
Training Set Training
Fitness 0.08835821593858131