-2.156011450538256,-0.99521565052894,-1.5557427653417244,0.09660136107299033,-2.804802398143819,-1.9179917248800586,-1.0882278277558877,-0.2943076549514849,-2.2594581596356025,-1.8137269966286427,-0.8896483724603153,-2.0973036499675524,2.858425445086281,0.45023335873721937,-2.655335744535778,-1.5075049506110576,-1.8921219817590351,-0.24412570651792187,-1.9480298848133666,0.1083251603837665,-2.26154270523869,-0.7172660564081825,-2.522226843686119,-0.3117013662772141,-0.23932447644389931,-1.2973830388069085,-0.20816690440727026,-2.4536746429734477,-0.4856130759644164,-1.2114226314921355,-2.5843696629259068,-0.8653001853775137,-1.6127551690526645,-0.37740401670610213,-0.03437267620377327,-2.730402288074182,2.126580601299061,1.0032587436331157,1.714439191237691,2.5738577857610023,-2.2885063366110128,2.3255153543869147,-2.426554619911739,0.4572494983535913,-1.2867559093017358,-0.6619478440620883,0.9948093296376337,-0.0782116205365444
numHidden 	5
numGenes 	48
minGene 	-3.0
maxGene 	3.0
popSize 	200
maxEvaluations 	20000
mutateRate 	0.01
mutateChange 	0.1
seed 	1677590519215
random 	java.util.Random@762efe5d
neuralNetworkClass 	class coursework.ExampleEvolutionaryAlgorithm
Training Set Training
Fitness 0.13963037474244255