0.5849864674403928,-1.5652361834707544,-2.0537137851094376,-2.332169807141482,-1.2161394665927772,-1.8275828548530537,-0.45982142260166015,-1.902042026605139,-0.8369926947084956,0.5867839176585741,1.0082349997663043,-2.3119372314583444,-2.8211037316215894,-0.6005552814241968,0.5528218211276261,-1.9312570152327782,1.257840071587541,-0.7904408222739021,-1.8042145756953119,1.1755097305278541,0.4526608134753083,-1.0038406045767376,2.2230328109845603,0.7075739875781388,-0.04602677090417995,2.3346418150966546,-1.9821760132631268,0.2510653431523524,-1.0622530363875287,-0.7254619069384662,-1.556842884918967,-2.5387899463385706,-0.3047929237646141,1.1509756817654173,0.5107355399178735,1.9829793216750513,-1.2145077186859805,1.042416059798425,-0.6232633064576598,-2.6977149873554396,0.5979710900797497,-1.5318868512122525,-2.8051579128821373,-2.8055890563452346,0.5451020292349282,-0.5129020706119283,1.0347173193401993,1.598474191836118
numHidden 	5
numGenes 	48
minGene 	-3.0
maxGene 	3.0
popSize 	200
maxEvaluations 	20000
mutateRate 	0.0225
mutateChange 	0.5
seed 	1677594734742
random 	java.util.Random@762efe5d
neuralNetworkClass 	class coursework.ExampleEvolutionaryAlgorithm
Training Set Training
Fitness 0.06695520646641197