0.04511689737535818,-0.605475364726995,-0.7789413241382728,-0.44309536966850027,0.9189789024126203,-2.134157689451524,-2.9858419113746497,-1.8560604796776534,0.22861890214557024,-1.7299702537191448,0.5756472157682744,-1.7020265166593354,-1.0606175808724776,-1.5631260860629035,1.6177169415329509,-0.07287037063341284,-2.282959010871958,-2.087116088267742,0.8093398888992911,-2.315782282891071,-1.8552100232542201,-2.818400640159177,-2.9524341384999495,-0.738119001630066,-1.9422126274543707,-0.9192802492843466,1.2768640495223353,0.09161763456422634,-2.6078498127822876,1.3052161263112607,0.7967798098912686,-2.4233253872414044,-1.7808384834817077,1.1224498254564423,-0.36550494770075215,-1.864836511610145,-1.7266845663669015,0.43942974578044636,-1.5682775960925213,-1.3000816558412247,-1.662934795761379,0.5294034735247948,1.6301454059713087,-2.584308929595296,0.6455022653298075,-2.8974641182767744,-2.49522070448414,-2.4992921564795894
numHidden 	5
numGenes 	48
minGene 	-3.0
maxGene 	3.0
popSize 	200
maxEvaluations 	20000
mutateRate 	0.01
mutateChange 	0.1
seed 	1677590387963
random 	java.util.Random@762efe5d
neuralNetworkClass 	class coursework.ExampleEvolutionaryAlgorithm
Training Set Training
Fitness 0.11990704416277465