0.017542660962270418,-2.649160831888155,1.248546110735219,-0.9379383046893395,-2.1760467339740344,-2.2154361524204442,-1.3400668001021294,0.38556334998433606,1.2804441508464164,-1.6197634800787404,-0.9802148658487523,2.1301193109360392,2.842082660978425,2.889173700950052,-3.0970993553934147,-2.578575547602759,-2.3409858458307737,0.28397398911742133,-2.3786840480356157,-2.6248865089689923,2.0033902375576593,-0.45340422338265773,-1.726228695943568,0.548084993548855,-0.5286383803697957,-0.7947257370017935,1.3577111953799608,-3.05516391528892,-0.007600202754826757,2.8016663383299703,0.43291859027523927,0.9279686679758758,-2.4487424123327868,2.6395258955797227,0.7676793071292485,-0.5293065038403295,0.33842379388902577,-2.1263602381887363,-2.4223313734314345,-1.5846633468483595,2.892978942892342,-0.5573264677848259,2.6845510230572605,-0.2344807463338503,-2.9127009098846823,-0.5680015849267255,1.875578087048194,0.040856893890219126
numHidden 	5
numGenes 	48
minGene 	-3.0
maxGene 	3.0
popSize 	200
maxEvaluations 	20000
mutateRate 	0.01
mutateChange 	0.1
seed 	1677584972867
random 	java.util.Random@762efe5d
neuralNetworkClass 	class coursework.ExampleHillClimber
Training Set Training
Fitness 0.13042463434159624