-2.5374407670977988,-2.003373244333085,1.0739277770197102,-1.286260243285683,1.946874220530498,-2.461934332792882,1.0099503396186718,-2.771708070627355,0.6122052143520138,-0.7564275854691962,-1.6582204403047933,-1.237626845604762,-0.5399687303087854,-1.5432921700124642,1.9681171762112868,-0.22012213024463634,-1.5075883809945227,-1.5034299223379377,-2.031150688009152,-2.3843576127434845,2.1841449464664837,-0.7159599131484122,-1.2155506685714192,-1.8287090243039479,-1.6561158277340615,0.25104752461252966,-2.7850471478952836,0.2885030794001766,0.6518694221764876,-0.8215970536791461,-0.7630674858267867,0.017002370814761303,-1.003940535425349,0.7705874645400401,0.022840178281581913,0.37585812284746023,-1.2228062796049626,0.6886514173959011,-2.8533773869848016,-0.7551466454829869,0.4421971170723724,1.8673824605168807,0.6244795458786481,-2.9777463746265465,-2.4287640087521116,0.5165183396049846,-0.3688320498571285,-0.6989962223538617
numHidden 	5
numGenes 	48
minGene 	-3.0
maxGene 	3.0
popSize 	200
maxEvaluations 	20000
mutateRate 	0.01
mutateChange 	0.1
seed 	1677590723259
random 	java.util.Random@762efe5d
neuralNetworkClass 	class coursework.ExampleEvolutionaryAlgorithm
Training Set Training
Fitness 0.09721102759681785