-0.9344912785145492,-0.03124247824939319,-1.4234386778054442,-0.9522345509495054,-2.6722027900029763,-2.12342291910222,0.005893803082556381,1.1915079562624884,-0.6056103900199323,-0.1698942167177928,-2.0917401415903285,0.29033762083477077,-2.6803766467685213,-2.8368274654099164,1.09101750154817,0.5629572057064052,0.10329558622372126,0.5178444777018489,-1.48923701858917,-1.5739719228884235,-2.0491120194735917,0.948700074018876,-2.3594715197455196,-1.2790046161367272,0.16679972203918414,-1.2317024870232323,-1.9444593897110014,-0.13958062046128283,2.262697129102479,-1.7477309159220311,0.8021669465211314,0.07949957987323453,-0.6368471208497937,-2.3859134003138442,-0.9924766831623337,-0.9661841957244879,-1.9385695433443988,-0.3787324341359968,1.9501445552468635,2.0533248172744845,1.8158952013305756,-1.4572610462592024,-2.7606918478164584,-2.5509850386099333,-2.562490576742924,-0.9832050193513178,0.9377716406237155,-1.4068378556722378
numHidden 	5
numGenes 	48
minGene 	-3.0
maxGene 	3.0
popSize 	200
maxEvaluations 	20000
mutateRate 	0.01
mutateChange 	0.1
seed 	1677586045030
random 	java.util.Random@762efe5d
neuralNetworkClass 	class coursework.ExampleHillClimber
Training Set Training
Fitness 0.1418681066706393