-2.652986671644912,1.2031860858622787,-2.8366673258119754,0.7957451898141517,2.8859672917956933,0.07621186948746939,1.0749543007499112,-2.4301288182323866,-2.56389007588207,-1.1102913272471278,-1.8261299933380406,-0.8594119346434823,0.7377287424865298,-1.1995438058895682,2.6285875031832138,1.895170948649282,0.8621947796231195,1.4706292839180115,-1.6013893693690886,1.6976040558657717,2.5938008355516615,-0.756245438493722,-1.287286229648938,-2.675320272259481,-1.8847937745360286,-1.6117591589693077,-2.7559455167052276,0.17189650066821116,1.6815804673885024,0.740601180289683,-1.3123195156306995,1.9539728275974104,-0.4879965681591676,1.559340559236329,0.9141696062458071,-2.5940690531128228,-0.6642110731031705,-2.981744328529712,-1.8470985275854561,1.8082543215743323,-0.9749576337064374,-2.8993614983548923,2.2385299971198434,-2.920286640496907,2.5992274900006143,-0.6069797452991472,-2.434912176358104,-1.9095052112560342
numHidden 	5
numGenes 	48
minGene 	-3.0
maxGene 	3.0
popSize 	200
maxEvaluations 	20000
mutateRate 	0.01
mutateChange 	0.16
seed 	1677597180736
random 	java.util.Random@762efe5d
neuralNetworkClass 	class coursework.ExampleEvolutionaryAlgorithm
Training Set Training
Fitness 0.10806893334972267