1.7737762320874104,-1.2086993260321612,0.32981107762766415,1.136699310135577,2.9498394585795555,1.6484082237104491,-0.6013344134766632,2.6334177141896182,2.8777032103069944,-0.024620901426381625,1.874114136702942,-2.0150631362635285,0.22102580838167185,-1.9148392939305203,-0.48786778555770205,2.2432479061744512,1.140015824859133,0.929532715843365,-0.5811372914791253,1.2995029607805204,-0.16493608635569545,2.502037810924243,2.488410516632653,-1.765765530490815,0.5058842234081946,0.575537617491265,-0.38816866769399416,1.8957217668126045,1.3237612562173267,2.3656376926867813,1.3320553359023979,0.8983393043338213,2.653170232669831,-1.228220632710891,2.9769141991054155,0.7620148714246064,-1.664793156723216,2.3445189170137066,-0.8521114415891899,-2.964907128909508,1.0279178659302817,0.8188443823879492,0.7839296701212879,-1.2116329712349807,-2.0284846485746844,-1.3127435979641828,-2.535566487512742,1.0569751951112476
numHidden 	5
numGenes 	48
minGene 	-3.0
maxGene 	3.0
popSize 	200
maxEvaluations 	20000
mutateRate 	0.01
mutateChange 	0.1
seed 	1677592889754
random 	java.util.Random@762efe5d
neuralNetworkClass 	class coursework.ExampleEvolutionaryAlgorithm
Training Set Training
Fitness 0.07076714026841806