-0.4662481297205603,-0.9517621799460025,-2.788408752907197,-1.4761350894742056,-2.189545533107421,0.2287345691950886,0.9641993768986632,-2.6165426208363876,-2.643159354123493,-1.6888787430157084,-0.4651760814450401,-2.7063799828165527,-2.920213187171549,1.7763717786283308,-2.981466755999296,0.15566352067872513,-2.7040154854553142,-0.7620366792529323,0.0810941050394911,-0.6139379983409308,0.1446017923229168,-0.7346806235307746,-2.6438850175781314,-2.2917519563282545,-2.229286125971221,0.1775100199094899,-2.950329885462515,0.6993222617306971,2.506823250703434,-0.7318494418103825,-1.1551715446058644,-0.4952577525151476,2.537195649763116,-0.9450905346302108,0.5218210275933401,-0.4720849933631097,-2.6596547572633087,1.5773995110917403,0.2542663249396817,-2.8217991342123994,-0.009640991594868531,-0.5253543298804937,-0.32663804294600407,-0.6993060588116515,-2.680615439237057,0.4744906104822073,0.06706152909098284,-2.8367384047312676
numHidden 	5
numGenes 	48
minGene 	-3.0
maxGene 	3.0
popSize 	200
maxEvaluations 	20000
mutateRate 	0.01
mutateChange 	0.1
seed 	1677587409079
random 	java.util.Random@762efe5d
neuralNetworkClass 	class coursework.ExampleEvolutionaryAlgorithm
Training Set Training
Fitness 0.08112787923818829