-0.03996353474026382,-2.7391957801100606,0.4000546776887166,-0.4083436066565507,-2.1556443304216844,-0.8905182115984935,0.3600951844244137,-1.0080527636008514,-1.3415504891265824,1.8815316354292904,-1.4532053536491065,-0.744962554147202,-1.8251998718689597,2.1718130658658756,-0.7962683834191728,-0.8718476170386533,-1.3583574206534796,1.4600282100487787,-1.5558829187213084,-0.5859517700603254,-1.389945933159315,-2.7958691179139823,-2.3030217811388574,-0.6967142049283357,0.4893318429545106,0.6861960313483144,-2.1704597614871233,-2.084903545760846,0.20056788632316191,-1.3232853187203601,-2.202568665361494,-1.1467470590168656,-2.8792000464862326,-1.1484596773395102,-2.7633433485461194,-1.185276198237503,-0.9713571333993567,0.19303048263882783,-0.3667293053302294,-0.2496424799690602,-2.1445547826255975,-2.91069156894825,-1.1431551488536784,0.7679928914107403,0.0143996388815264,-2.8390619248046,-1.6860993488634222,-0.2037308684758523
numHidden 	5
numGenes 	48
minGene 	-3.0
maxGene 	3.0
popSize 	200
maxEvaluations 	20000
mutateRate 	0.0225
mutateChange 	0.1
seed 	1677594873114
random 	java.util.Random@762efe5d
neuralNetworkClass 	class coursework.ExampleEvolutionaryAlgorithm
Training Set Training
Fitness 0.06620337945707068