-0.1536311116372029,-2.789623093782034,-2.5190726573203905,-1.1387809003828147,-0.20711648561657503,-2.136463950453014,-1.305315052954174,-1.3073081034328047,-0.9876804283549623,-1.6375102009191043,-2.5486772961343647,-1.9928044146001285,-0.3313330960451042,-1.4733639759263368,-0.9876145638486147,-2.7870437318455563,-0.8537746358060074,1.7687831879203824,-1.2069486439500436,-2.381858303578799,-0.7743106658590069,1.4542856043248884,1.3282893746327797,-0.1083775555743074,-2.2697722209952804,1.5425758823432876,-1.2335805420212393,-0.8781217419986067,-2.939199424029373,0.43153014237216203,-0.742983101992706,1.7116546427683028,-2.383605037740843,-2.6384661046609086,2.3137798074277773,0.5408751421707132,-1.9272583418070977,-2.152825906103379,1.995701550059911,1.9180109471920836,-1.0917920862332964,-2.691876996474864,-1.4598676274438607,-1.1852789216986617,-1.1560734599284808,-0.860853521938143,-2.780953812993741,1.5406829413974963
numHidden 	5
numGenes 	48
minGene 	-3.0
maxGene 	3.0
popSize 	200
maxEvaluations 	20000
mutateRate 	0.01
mutateChange 	0.16
seed 	1677596203317
random 	java.util.Random@762efe5d
neuralNetworkClass 	class coursework.ExampleEvolutionaryAlgorithm
Training Set Training
Fitness 0.07974561358250684