-1.81264171084019,2.0000437996378544,1.3355027923613143,0.977671351540407,-2.415177183772364,-1.7441572904691505,-2.96178973894049,-0.5746403367628155,1.834571163017574,1.743841424543378,-1.37906049280746,-0.97475893135082,1.3539006349778155,0.4534098813855212,-1.5013274154581882,0.4656738174581099,1.622834809073094,1.6840439020970521,0.7486902258937231,-1.081936894873086,-0.5714784329668836,-1.0088110044363197,2.3542211538661064,1.9875730614075318,-1.8606314333793803,-2.6175728600063204,-2.3310393003712795,-0.7201041028380453,1.7695978519309374,-1.0206995574756177,1.7996630571242083,2.634309370189891,0.7023209988289727,0.6393359568283188,-2.0698166014665293,-1.6786983506093656,2.984161835080725,-0.2503596583748493,1.874018692916679,1.1885885440064197,0.0868724025348726,2.6577228521484657,0.3435668113960304,1.8623963018411809,2.951309990877392,2.9970067479213567,1.5629971074981945,-0.3285699878706172
numHidden 	5
numGenes 	48
minGene 	-3.0
maxGene 	3.0
popSize 	200
maxEvaluations 	20000
mutateRate 	0.01
mutateChange 	0.1
seed 	1677595322108
random 	java.util.Random@762efe5d
neuralNetworkClass 	class coursework.ExampleEvolutionaryAlgorithm
Training Set Training
Fitness 0.05988867948786409