2.295998139845008,0.8867874153769874,1.1785566723556526,0.38401014724611854,3.190762153637878,1.3374802487179598,-1.9056361291956496,1.6707630451699094,-3.0140482368384527,0.13899849897602315,-0.2951273782027245,-3.2903082153400938,0.8595355869565284,3.1347914317730816,1.7448962518968147,-3.3092093155455573,-3.3224477878472944,1.1577497209837582,-0.06905475578773645,1.0251541031480236,1.6650980584117843,-0.8733777216915926,-2.1524015113225925,-1.4717822354331551,2.9618619885232906,-1.107576357573691,1.1389860262638503,2.31366582347641,1.4746729884123604,1.8022192946799322,1.4250499387692173,-1.3055039510050537,-1.4511712142158597,-3.295877683414329,3.458864967319992,-1.9413123099162966,0.947826837642152,-2.2327069815904688,0.7987790573221715,0.10679356289437167,-0.4008905037532746,-2.063605491039199,-3.0237541053257333,1.8512535118663194,-1.429352916285596,2.2099613244911485,-2.8460575855698256,3.265934593853921
numHidden 	5
numGenes 	48
minGene 	-3.0
maxGene 	3.0
popSize 	200
maxEvaluations 	20000
mutateRate 	0.01
mutateChange 	0.16
seed 	1677597276097
random 	java.util.Random@762efe5d
neuralNetworkClass 	class coursework.ExampleEvolutionaryAlgorithm
Training Set Training
Fitness 0.08819070457124958